GraphSet 90
GRAPH_TYPE undirected
NODE_ATTR list
EDGE_ATTR list
LABELS float64
Graph 0 16 Label 0.1
Attributes Dictionary 12
1 7 1
5 8 1
0 0 1
1 1 1
2 2 1
3 3 1
4 4 1
5 5 1
6 6 1
7 7 1
8 8 1
9 9 1
Adjency List 2
1 7
5 8
Graph 1 21 Label 0.11
Attributes Dictionary 15
1 2 1
2 5 1
3 4 1
3 6 1
6 8 1
0 0 1
1 1 1
2 2 1
3 3 1
4 4 1
5 5 1
6 6 1
7 7 1
8 8 1
9 9 1
Adjency List 4
1 2
2 5
3 4 6
6 8
Graph 2 16 Label 0.12
Attributes Dictionary 12
2 6 1
8 9 1
0 0 1
1 1 1
2 2 1
3 3 1
4 4 1
5 5 1
6 6 1
7 7 1
8 8 1
9 9 1
Adjency List 2
2 6
8 9
Graph 3 19 Label 0.13
Attributes Dictionary 14
0 2 1
0 7 1
1 5 1
7 8 1
0 0 1
1 1 1
2 2 1
3 3 1
4 4 1
5 5 1
6 6 1
7 7 1
8 8 1
9 9 1
Adjency List 3
0 2 7
1 5
7 8
Graph 4 25 Label 0.13999999999999999
Attributes Dictionary 17
0 2 1
0 7 1
1 2 1
2 6 1
3 6 1
4 5 1
7 8 1
0 0 1
1 1 1
2 2 1
3 3 1
4 4 1
5 5 1
6 6 1
7 7 1
8 8 1
9 9 1
Adjency List 6
0 2 7
1 2
2 6
3 6
4 5
7 8
Graph 5 16 Label 0.14999999999999997
Attributes Dictionary 12
0 8 1
3 8 1
0 0 1
1 1 1
2 2 1
3 3 1
4 4 1
5 5 1
6 6 1
7 7 1
8 8 1
9 9 1
Adjency List 2
0 8
3 8
Graph 6 24 Label 0.15999999999999998
Attributes Dictionary 17
1 2 1
1 4 1
2 7 1
2 9 1
3 6 1
4 7 1
5 7 1
0 0 1
1 1 1
2 2 1
3 3 1
4 4 1
5 5 1
6 6 1
7 7 1
8 8 1
9 9 1
Adjency List 5
1 2 4
2 9 7
3 6
4 7
5 7
Graph 7 26 Label 0.16999999999999998
Attributes Dictionary 18
0 4 1
1 6 1
1 8 1
2 3 1
4 7 1
4 8 1
5 6 1
8 9 1
0 0 1
1 1 1
2 2 1
3 3 1
4 4 1
5 5 1
6 6 1
7 7 1
8 8 1
9 9 1
Adjency List 6
0 4
1 8 6
2 3
4 8 7
5 6
8 9
Graph 8 29 Label 0.17999999999999997
Attributes Dictionary 21
0 3 1
1 4 1
1 8 1
2 4 1
2 5 1
2 7 1
2 9 1
3 9 1
5 8 1
5 9 1
6 9 1
0 0 1
1 1 1
2 2 1
3 3 1
4 4 1
5 5 1
6 6 1
7 7 1
8 8 1
9 9 1
Adjency List 6
0 3
1 8 4
2 9 4 5 7
3 9
5 8 9
6 9
Graph 9 25 Label 0.18999999999999995
Attributes Dictionary 17
0 8 1
3 9 1
4 8 1
5 6 1
5 8 1
7 8 1
8 9 1
0 0 1
1 1 1
2 2 1
3 3 1
4 4 1
5 5 1
6 6 1
7 7 1
8 8 1
9 9 1
Adjency List 6
0 8
3 9
4 8
5 8 6
7 8
8 9
Graph 10 30 Label 0.19999999999999996
Attributes Dictionary 21
0 2 1
0 8 1
1 2 1
1 7 1
2 3 1
2 8 1
3 8 1
3 9 1
4 7 1
6 8 1
7 8 1
0 0 1
1 1 1
2 2 1
3 3 1
4 4 1
5 5 1
6 6 1
7 7 1
8 8 1
9 9 1
Adjency List 7
0 8 2
1 2 7
2 8 3
3 8 9
4 7
6 8
7 8
Graph 11 28 Label 0.20999999999999996
Attributes Dictionary 20
0 3 1
1 5 1
1 9 1
2 4 1
2 7 1
2 9 1
3 7 1
4 5 1
5 6 1
5 7 1
0 0 1
1 1 1
2 2 1
3 3 1
4 4 1
5 5 1
6 6 1
7 7 1
8 8 1
9 9 1
Adjency List 6
0 3
1 9 5
2 9 4 7
3 7
4 5
5 6 7
Graph 12 26 Label 0.21999999999999995
Attributes Dictionary 18
0 3 1
0 9 1
1 3 1
1 8 1
2 9 1
3 9 1
5 6 1
6 7 1
0 0 1
1 1 1
2 2 1
3 3 1
4 4 1
5 5 1
6 6 1
7 7 1
8 8 1
9 9 1
Adjency List 6
0 9 3
1 8 3
2 9
3 9
5 6
6 7
Graph 13 30 Label 0.22999999999999995
Attributes Dictionary 21
0 3 1
0 6 1
0 9 1
1 8 1
2 5 1
4 8 1
5 6 1
5 8 1
6 7 1
6 8 1
7 8 1
0 0 1
1 1 1
2 2 1
3 3 1
4 4 1
5 5 1
6 6 1
7 7 1
8 8 1
9 9 1
Adjency List 7
0 9 3 6
1 8
2 5
4 8
5 8 6
6 8 7
7 8
Graph 14 31 Label 0.23999999999999994
Attributes Dictionary 23
0 4 1
0 6 1
0 8 1
1 4 1
1 5 1
1 9 1
3 8 1
3 9 1
4 9 1
5 6 1
5 7 1
5 8 1
6 7 1
0 0 1
1 1 1
2 2 1
3 3 1
4 4 1
5 5 1
6 6 1
7 7 1
8 8 1
9 9 1
Adjency List 6
0 8 4 6
1 9 4 5
3 8 9
4 9
5 8 6 7
6 7
Graph 15 29 Label 0.24999999999999992
Attributes Dictionary 21
0 1 1
0 8 1
1 2 1
2 4 1
2 5 1
2 6 1
2 8 1
3 6 1
5 7 1
5 8 1
6 7 1
0 0 1
1 1 1
2 2 1
3 3 1
4 4 1
5 5 1
6 6 1
7 7 1
8 8 1
9 9 1
Adjency List 6
0 8 1
1 2
2 8 4 5 6
3 6
5 8 7
6 7
Graph 16 34 Label 0.2599999999999999
Attributes Dictionary 24
0 1 1
0 6 1
0 9 1
1 2 1
1 6 1
1 9 1
2 7 1
3 4 1
3 6 1
4 5 1
6 7 1
6 8 1
7 8 1
8 9 1
0 0 1
1 1 1
2 2 1
3 3 1
4 4 1
5 5 1
6 6 1
7 7 1
8 8 1
9 9 1
Adjency List 8
0 1 6 9
1 9 2 6
2 7
3 4 6
4 5
6 8 7
7 8
8 9
Graph 17 32 Label 0.2699999999999999
Attributes Dictionary 23
0 1 1
0 3 1
0 8 1
1 2 1
1 4 1
3 4 1
3 5 1
3 6 1
3 9 1
4 8 1
5 6 1
6 7 1
7 8 1
0 0 1
1 1 1
2 2 1
3 3 1
4 4 1
5 5 1
6 6 1
7 7 1
8 8 1
9 9 1
Adjency List 7
0 8 1 3
1 2 4
3 9 4 5 6
4 8
5 6
6 7
7 8
Graph 18 26 Label 0.2799999999999999
Attributes Dictionary 19
0 3 1
0 5 1
0 6 1
1 2 1
1 5 1
3 4 1
3 6 1
4 6 1
6 8 1
0 0 1
1 1 1
2 2 1
3 3 1
4 4 1
5 5 1
6 6 1
7 7 1
8 8 1
9 9 1
Adjency List 5
0 3 5 6
1 2 5
3 4 6
4 6
6 8
Graph 19 36 Label 0.2899999999999999
Attributes Dictionary 26
0 4 1
0 8 1
1 3 1
1 6 1
1 8 1
1 9 1
2 4 1
2 5 1
2 8 1
3 7 1
3 8 1
4 7 1
5 6 1
5 9 1
6 7 1
7 9 1
0 0 1
1 1 1
2 2 1
3 3 1
4 4 1
5 5 1
6 6 1
7 7 1
8 8 1
9 9 1
Adjency List 8
0 8 4
1 8 9 3 6
2 8 4 5
3 8 7
4 7
5 9 6
6 7
7 9
Graph 20 31 Label 0.29999999999999993
Attributes Dictionary 22
0 2 1
0 6 1
0 9 1
1 4 1
1 7 1
2 6 1
3 4 1
3 9 1
4 6 1
7 8 1
7 9 1
8 9 1
0 0 1
1 1 1
2 2 1
3 3 1
4 4 1
5 5 1
6 6 1
7 7 1
8 8 1
9 9 1
Adjency List 7
0 9 2 6
1 4 7
2 6
3 9 4
4 6
7 8 9
8 9
Graph 21 30 Label 0.30999999999999994
Attributes Dictionary 23
0 1 1
0 3 1
0 4 1
0 6 1
0 8 1
0 9 1
1 3 1
1 7 1
1 8 1
3 5 1
3 6 1
5 7 1
7 8 1
0 0 1
1 1 1
2 2 1
3 3 1
4 4 1
5 5 1
6 6 1
7 7 1
8 8 1
9 9 1
Adjency List 5
0 1 3 4 6 8 9
1 8 3 7
3 5 6
5 7
7 8
Graph 22 35 Label 0.3199999999999999
Attributes Dictionary 26
0 2 1
0 4 1
0 7 1
0 8 1
1 2 1
2 3 1
2 6 1
2 7 1
2 9 1
3 5 1
3 6 1
5 6 1
5 9 1
6 7 1
6 8 1
7 8 1
0 0 1
1 1 1
2 2 1
3 3 1
4 4 1
5 5 1
6 6 1
7 7 1
8 8 1
9 9 1
Adjency List 7
0 8 2 4 7
1 2
2 9 3 6 7
3 5 6
5 9 6
6 8 7
7 8
Graph 23 28 Label 0.32999999999999985
Attributes Dictionary 20
0 5 1
1 6 1
2 3 1
2 5 1
2 6 1
2 9 1
3 5 1
4 7 1
4 8 1
6 8 1
0 0 1
1 1 1
2 2 1
3 3 1
4 4 1
5 5 1
6 6 1
7 7 1
8 8 1
9 9 1
Adjency List 6
0 5
1 6
2 9 3 5 6
3 5
4 8 7
6 8
Graph 24 33 Label 0.33999999999999986
Attributes Dictionary 23
0 4 1
1 2 1
1 8 1
2 3 1
2 7 1
2 8 1
3 7 1
3 9 1
4 5 1
4 9 1
5 8 1
6 9 1
8 9 1
0 0 1
1 1 1
2 2 1
3 3 1
4 4 1
5 5 1
6 6 1
7 7 1
8 8 1
9 9 1
Adjency List 8
0 4
1 8 2
2 8 3 7
3 9 7
4 9 5
5 8
6 9
8 9
Graph 25 29 Label 0.34999999999999987
Attributes Dictionary 21
0 1 1
0 7 1
1 2 1
1 5 1
1 9 1
2 7 1
2 8 1
3 7 1
3 9 1
5 6 1
6 7 1
0 0 1
1 1 1
2 2 1
3 3 1
4 4 1
5 5 1
6 6 1
7 7 1
8 8 1
9 9 1
Adjency List 6
0 1 7
1 9 2 5
2 8 7
3 9 7
5 6
6 7
Graph 26 38 Label 0.3599999999999999
Attributes Dictionary 28
0 1 1
0 3 1
0 4 1
0 8 1
0 9 1
1 5 1
1 7 1
1 9 1
2 7 1
2 9 1
3 8 1
3 9 1
4 6 1
5 9 1
6 7 1
6 8 1
7 8 1
7 9 1
0 0 1
1 1 1
2 2 1
3 3 1
4 4 1
5 5 1
6 6 1
7 7 1
8 8 1
9 9 1
Adjency List 8
0 1 3 4 8 9
1 9 5 7
2 9 7
3 8 9
4 6
5 9
6 8 7
7 8 9
Graph 27 36 Label 0.3699999999999999
Attributes Dictionary 27
0 1 1
0 2 1
0 6 1
1 2 1
1 3 1
1 5 1
1 6 1
2 4 1
2 6 1
2 7 1
3 7 1
3 9 1
4 6 1
4 7 1
4 8 1
5 7 1
6 9 1
0 0 1
1 1 1
2 2 1
3 3 1
4 4 1
5 5 1
6 6 1
7 7 1
8 8 1
9 9 1
Adjency List 7
0 1 2 6
1 2 3 5 6
2 4 6 7
3 9 7
4 8 6 7
5 7
6 9
Graph 28 29 Label 0.3799999999999999
Attributes Dictionary 20
0 5 1
0 6 1
1 8 1
2 3 1
2 4 1
2 8 1
3 9 1
5 9 1
6 8 1
8 9 1
0 0 1
1 1 1
2 2 1
3 3 1
4 4 1
5 5 1
6 6 1
7 7 1
8 8 1
9 9 1
Adjency List 7
0 5 6
1 8
2 8 3 4
3 9
5 9
6 8
8 9
Graph 29 38 Label 0.3899999999999999
Attributes Dictionary 28
0 5 1
0 6 1
0 8 1
1 2 1
1 9 1
2 3 1
2 7 1
2 9 1
3 6 1
3 8 1
4 5 1
4 7 1
5 6 1
5 7 1
5 8 1
5 9 1
6 7 1
8 9 1
0 0 1
1 1 1
2 2 1
3 3 1
4 4 1
5 5 1
6 6 1
7 7 1
8 8 1
9 9 1
Adjency List 8
0 8 5 6
1 9 2
2 9 3 7
3 8 6
4 5 7
5 8 9 6 7
6 7
8 9
Graph 30 38 Label 0.3999999999999998
Attributes Dictionary 29
0 3 1
0 5 1
0 9 1
1 5 1
1 8 1
2 3 1
2 7 1
2 8 1
3 4 1
3 5 1
3 6 1
4 5 1
4 6 1
4 8 1
5 6 1
5 7 1
5 8 1
6 7 1
6 9 1
0 0 1
1 1 1
2 2 1
3 3 1
4 4 1
5 5 1
6 6 1
7 7 1
8 8 1
9 9 1
Adjency List 7
0 9 3 5
1 8 5
2 8 3 7
3 4 5 6
4 8 5 6
5 8 6 7
6 9 7
Graph 31 43 Label 0.4099999999999998
Attributes Dictionary 32
0 3 1
0 4 1
0 7 1
0 9 1
1 2 1
1 4 1
1 5 1
1 7 1
1 8 1
1 9 1
2 7 1
2 8 1
3 6 1
4 5 1
4 6 1
4 8 1
4 9 1
5 7 1
5 8 1
6 8 1
7 9 1
8 9 1
0 0 1
1 1 1
2 2 1
3 3 1
4 4 1
5 5 1
6 6 1
7 7 1
8 8 1
9 9 1
Adjency List 9
0 9 3 4 7
1 2 4 5 7 8 9
2 8 7
3 6
4 8 9 5 6
5 8 7
6 8
7 9
8 9
Graph 32 31 Label 0.4199999999999998
Attributes Dictionary 23
0 2 1
0 3 1
1 3 1
1 5 1
1 8 1
2 7 1
2 9 1
3 4 1
3 5 1
3 7 1
4 6 1
4 8 1
6 8 1
0 0 1
1 1 1
2 2 1
3 3 1
4 4 1
5 5 1
6 6 1
7 7 1
8 8 1
9 9 1
Adjency List 6
0 2 3
1 8 3 5
2 9 7
3 4 5 7
4 8 6
6 8
Graph 33 41 Label 0.4299999999999998
Attributes Dictionary 31
0 5 1
0 9 1
1 4 1
1 5 1
1 7 1
1 8 1
2 9 1
3 4 1
3 6 1
3 7 1
3 8 1
3 9 1
4 5 1
4 7 1
4 8 1
5 6 1
5 7 1
5 8 1
7 8 1
7 9 1
8 9 1
0 0 1
1 1 1
2 2 1
3 3 1
4 4 1
5 5 1
6 6 1
7 7 1
8 8 1
9 9 1
Adjency List 8
0 9 5
1 8 4 5 7
2 9
3 4 6 7 8 9
4 8 5 7
5 8 6 7
7 8 9
8 9
Graph 34 45 Label 0.43999999999999984
Attributes Dictionary 34
0 1 1
0 3 1
0 5 1
0 6 1
0 7 1
1 4 1
1 5 1
1 6 1
1 7 1
1 9 1
2 3 1
2 4 1
2 6 1
3 4 1
3 5 1
3 6 1
3 8 1
4 7 1
4 9 1
5 6 1
5 8 1
6 8 1
7 9 1
8 9 1
0 0 1
1 1 1
2 2 1
3 3 1
4 4 1
5 5 1
6 6 1
7 7 1
8 8 1
9 9 1
Adjency List 9
0 1 3 5 6 7
1 4 5 6 7 9
2 3 4 6
3 8 4 5 6
4 9 7
5 8 6
6 8
7 9
8 9
Graph 35 42 Label 0.44999999999999984
Attributes Dictionary 32
0 3 1
0 4 1
0 6 1
0 9 1
1 2 1
1 3 1
1 4 1
1 7 1
1 8 1
2 4 1
2 6 1
2 7 1
2 8 1
2 9 1
3 4 1
3 5 1
3 6 1
3 9 1
5 8 1
6 9 1
7 8 1
8 9 1
0 0 1
1 1 1
2 2 1
3 3 1
4 4 1
5 5 1
6 6 1
7 7 1
8 8 1
9 9 1
Adjency List 8
0 9 3 4 6
1 2 3 4 7 8
2 4 6 7 8 9
3 9 4 5 6
5 8
6 9
7 8
8 9
Graph 36 38 Label 0.45999999999999985
Attributes Dictionary 28
0 1 1
0 2 1
0 3 1
0 4 1
0 6 1
0 7 1
0 8 1
1 8 1
2 5 1
2 7 1
2 9 1
3 4 1
4 8 1
5 6 1
5 7 1
5 9 1
7 9 1
8 9 1
0 0 1
1 1 1
2 2 1
3 3 1
4 4 1
5 5 1
6 6 1
7 7 1
8 8 1
9 9 1
Adjency List 8
0 1 2 3 4 6 7 8
1 8
2 9 5 7
3 4
4 8
5 9 6 7
7 9
8 9
Graph 37 42 Label 0.46999999999999986
Attributes Dictionary 32
0 3 1
0 4 1
0 5 1
0 7 1
0 8 1
1 2 1
1 4 1
1 5 1
1 6 1
1 7 1
1 8 1
1 9 1
2 3 1
2 5 1
2 6 1
2 9 1
3 4 1
4 6 1
5 7 1
5 8 1
6 7 1
7 8 1
0 0 1
1 1 1
2 2 1
3 3 1
4 4 1
5 5 1
6 6 1
7 7 1
8 8 1
9 9 1
Adjency List 8
0 3 4 5 7 8
1 2 4 5 6 7 8 9
2 9 3 5 6
3 4
4 6
5 8 7
6 7
7 8
Graph 38 37 Label 0.47999999999999976
Attributes Dictionary 26
0 3 1
0 4 1
0 7 1
0 9 1
1 5 1
2 6 1
3 5 1
3 6 1
3 8 1
3 9 1
4 5 1
4 7 1
5 6 1
6 7 1
7 8 1
8 9 1
0 0 1
1 1 1
2 2 1
3 3 1
4 4 1
5 5 1
6 6 1
7 7 1
8 8 1
9 9 1
Adjency List 9
0 9 3 4 7
1 5
2 6
3 8 9 5 6
4 5 7
5 6
6 7
7 8
8 9
Graph 39 37 Label 0.48999999999999977
Attributes Dictionary 28
0 2 1
0 3 1
0 4 1
0 5 1
0 6 1
0 7 1
0 9 1
1 7 1
2 6 1
2 9 1
3 4 1
3 5 1
3 9 1
4 6 1
4 7 1
4 8 1
5 9 1
8 9 1
0 0 1
1 1 1
2 2 1
3 3 1
4 4 1
5 5 1
6 6 1
7 7 1
8 8 1
9 9 1
Adjency List 7
0 2 3 4 5 6 7 9
1 7
2 9 6
3 9 4 5
4 8 6 7
5 9
8 9
Graph 40 42 Label 0.4999999999999998
Attributes Dictionary 31
0 2 1
0 4 1
0 6 1
0 7 1
0 8 1
0 9 1
1 6 1
1 8 1
2 3 1
2 6 1
3 7 1
3 8 1
3 9 1
4 5 1
4 9 1
5 6 1
5 7 1
6 7 1
6 9 1
7 9 1
8 9 1
0 0 1
1 1 1
2 2 1
3 3 1
4 4 1
5 5 1
6 6 1
7 7 1
8 8 1
9 9 1
Adjency List 9
0 2 4 6 7 8 9
1 8 6
2 3 6
3 8 9 7
4 9 5
5 6 7
6 9 7
7 9
8 9
Graph 41 49 Label 0.5099999999999998
Attributes Dictionary 38
0 1 1
0 3 1
0 4 1
0 7 1
0 8 1
0 9 1
1 3 1
1 5 1
1 7 1
1 9 1
2 3 1
2 4 1
2 5 1
2 6 1
2 9 1
3 4 1
3 5 1
3 6 1
3 8 1
3 9 1
4 6 1
4 7 1
4 9 1
5 8 1
6 7 1
6 9 1
7 9 1
8 9 1
0 0 1
1 1 1
2 2 1
3 3 1
4 4 1
5 5 1
6 6 1
7 7 1
8 8 1
9 9 1
Adjency List 9
0 1 3 4 7 8 9
1 9 3 5 7
2 3 4 5 6 9
3 4 5 6 8 9
4 9 6 7
5 8
6 9 7
7 9
8 9
Graph 42 51 Label 0.5199999999999998
Attributes Dictionary 40
0 2 1
0 4 1
0 5 1
0 6 1
0 7 1
0 8 1
1 2 1
1 3 1
1 4 1
1 5 1
1 7 1
1 9 1
2 3 1
2 4 1
2 5 1
2 7 1
2 8 1
2 9 1
3 5 1
3 7 1
3 8 1
3 9 1
4 9 1
5 6 1
5 7 1
5 8 1
6 7 1
6 9 1
7 8 1
8 9 1
0 0 1
1 1 1
2 2 1
3 3 1
4 4 1
5 5 1
6 6 1
7 7 1
8 8 1
9 9 1
Adjency List 9
0 2 4 5 6 7 8
1 2 3 4 5 7 9
2 3 4 5 7 8 9
3 8 9 5 7
4 9
5 8 6 7
6 9 7
7 8
8 9
Graph 43 48 Label 0.5299999999999998
Attributes Dictionary 38
0 2 1
0 4 1
0 5 1
0 6 1
0 7 1
1 2 1
1 3 1
1 7 1
2 3 1
2 4 1
2 6 1
2 7 1
2 8 1
2 9 1
3 4 1
3 5 1
3 7 1
3 9 1
4 5 1
4 6 1
4 7 1
5 6 1
5 7 1
5 8 1
6 7 1
6 8 1
6 9 1
7 9 1
0 0 1
1 1 1
2 2 1
3 3 1
4 4 1
5 5 1
6 6 1
7 7 1
8 8 1
9 9 1
Adjency List 8
0 2 4 5 6 7
1 2 3 7
2 3 4 6 7 8 9
3 9 4 5 7
4 5 6 7
5 8 6 7
6 8 9 7
7 9
Graph 44 48 Label 0.5399999999999998
Attributes Dictionary 37
0 1 1
0 3 1
0 5 1
0 7 1
0 8 1
1 4 1
1 7 1
1 8 1
1 9 1
2 3 1
2 5 1
2 7 1
3 4 1
3 5 1
3 7 1
3 8 1
4 5 1
4 6 1
4 7 1
5 6 1
5 7 1
5 8 1
6 8 1
6 9 1
7 8 1
7 9 1
8 9 1
0 0 1
1 1 1
2 2 1
3 3 1
4 4 1
5 5 1
6 6 1
7 7 1
8 8 1
9 9 1
Adjency List 9
0 1 3 5 7 8
1 8 9 4 7
2 3 5 7
3 8 4 5 7
4 5 6 7
5 8 6 7
6 8 9
7 8 9
8 9
Graph 45 48 Label 0.5499999999999998
Attributes Dictionary 37
0 4 1
0 5 1
0 7 1
0 9 1
1 3 1
1 7 1
1 8 1
2 3 1
2 4 1
2 5 1
2 6 1
2 8 1
2 9 1
3 4 1
3 6 1
3 7 1
3 9 1
4 6 1
5 6 1
5 7 1
5 8 1
5 9 1
6 7 1
6 8 1
6 9 1
7 9 1
8 9 1
0 0 1
1 1 1
2 2 1
3 3 1
4 4 1
5 5 1
6 6 1
7 7 1
8 8 1
9 9 1
Adjency List 9
0 9 4 5 7
1 8 3 7
2 3 4 5 6 8 9
3 9 4 6 7
4 6
5 8 9 6 7
6 8 9 7
7 9
8 9
Graph 46 44 Label 0.5599999999999997
Attributes Dictionary 34
0 1 1
0 2 1
0 5 1
0 6 1
0 7 1
0 8 1
0 9 1
1 2 1
1 6 1
1 8 1
2 3 1
2 5 1
2 8 1
3 5 1
3 7 1
4 5 1
4 6 1
4 8 1
4 9 1
5 7 1
5 8 1
6 7 1
6 9 1
7 8 1
0 0 1
1 1 1
2 2 1
3 3 1
4 4 1
5 5 1
6 6 1
7 7 1
8 8 1
9 9 1
Adjency List 8
0 1 2 5 6 7 8 9
1 8 2 6
2 8 3 5
3 5 7
4 8 9 5 6
5 8 7
6 9 7
7 8
Graph 47 50 Label 0.5699999999999997
Attributes Dictionary 40
0 1 1
0 3 1
0 7 1
0 8 1
0 9 1
1 3 1
1 4 1
1 5 1
1 6 1
1 7 1
1 8 1
2 3 1
2 4 1
2 5 1
2 6 1
2 7 1
2 8 1
3 4 1
3 5 1
3 8 1
3 9 1
4 5 1
4 6 1
4 7 1
4 8 1
5 7 1
5 8 1
5 9 1
6 8 1
8 9 1
0 0 1
1 1 1
2 2 1
3 3 1
4 4 1
5 5 1
6 6 1
7 7 1
8 8 1
9 9 1
Adjency List 8
0 1 3 7 8 9
1 3 4 5 6 7 8
2 3 4 5 6 7 8
3 8 9 4 5
4 8 5 6 7
5 8 9 7
6 8
8 9
Graph 48 45 Label 0.5799999999999997
Attributes Dictionary 35
0 1 1
0 2 1
0 5 1
0 6 1
0 8 1
1 2 1
1 3 1
1 4 1
1 5 1
1 7 1
1 8 1
2 4 1
2 6 1
2 7 1
2 9 1
3 5 1
4 5 1
4 6 1
4 7 1
4 8 1
4 9 1
5 9 1
6 7 1
6 8 1
7 9 1
0 0 1
1 1 1
2 2 1
3 3 1
4 4 1
5 5 1
6 6 1
7 7 1
8 8 1
9 9 1
Adjency List 8
0 1 2 5 6 8
1 2 3 4 5 7 8
2 9 4 6 7
3 5
4 5 6 7 8 9
5 9
6 8 7
7 9
Graph 49 46 Label 0.5899999999999997
Attributes Dictionary 36
0 4 1
0 6 1
1 4 1
1 6 1
1 8 1
1 9 1
2 4 1
2 5 1
2 7 1
2 8 1
2 9 1
3 4 1
3 5 1
3 6 1
3 7 1
3 9 1
4 5 1
4 8 1
4 9 1
5 6 1
5 7 1
5 8 1
6 7 1
6 9 1
7 8 1
7 9 1
0 0 1
1 1 1
2 2 1
3 3 1
4 4 1
5 5 1
6 6 1
7 7 1
8 8 1
9 9 1
Adjency List 8
0 4 6
1 8 9 4 6
2 4 5 7 8 9
3 4 5 6 7 9
4 8 9 5
5 8 6 7
6 9 7
7 8 9
Graph 50 45 Label 0.5999999999999998
Attributes Dictionary 35
0 2 1
0 8 1
0 9 1
1 2 1
1 7 1
1 8 1
1 9 1
2 3 1
2 4 1
2 5 1
2 7 1
2 8 1
2 9 1
3 8 1
3 9 1
4 6 1
4 7 1
4 8 1
4 9 1
5 6 1
5 7 1
5 8 1
5 9 1
6 7 1
8 9 1
0 0 1
1 1 1
2 2 1
3 3 1
4 4 1
5 5 1
6 6 1
7 7 1
8 8 1
9 9 1
Adjency List 8
0 8 9 2
1 8 9 2 7
2 3 4 5 7 8 9
3 8 9
4 8 9 6 7
5 8 9 6 7
6 7
8 9
Graph 51 47 Label 0.6099999999999998
Attributes Dictionary 37
0 2 1
0 4 1
0 5 1
0 6 1
0 7 1
0 9 1
1 2 1
1 3 1
1 4 1
1 5 1
1 8 1
2 3 1
2 5 1
2 7 1
2 8 1
2 9 1
3 4 1
3 7 1
3 8 1
4 5 1
4 6 1
4 9 1
5 6 1
5 8 1
6 8 1
7 8 1
7 9 1
0 0 1
1 1 1
2 2 1
3 3 1
4 4 1
5 5 1
6 6 1
7 7 1
8 8 1
9 9 1
Adjency List 8
0 2 4 5 6 7 9
1 2 3 4 5 8
2 3 5 7 8 9
3 8 4 7
4 9 5 6
5 8 6
6 8
7 8 9
Graph 52 47 Label 0.6199999999999998
Attributes Dictionary 39
0 2 1
0 3 1
0 4 1
0 5 1
0 6 1
0 7 1
1 2 1
1 3 1
1 4 1
1 5 1
1 6 1
1 9 1
2 3 1
2 4 1
2 6 1
2 8 1
2 9 1
3 5 1
3 6 1
3 7 1
3 8 1
4 5 1
4 6 1
4 7 1
4 8 1
4 9 1
5 6 1
5 8 1
5 9 1
0 0 1
1 1 1
2 2 1
3 3 1
4 4 1
5 5 1
6 6 1
7 7 1
8 8 1
9 9 1
Adjency List 6
0 2 3 4 5 6 7
1 2 3 4 5 6 9
2 3 4 6 8 9
3 8 5 6 7
4 5 6 7 8 9
5 8 9 6
Graph 53 52 Label 0.6299999999999997
Attributes Dictionary 41
0 2 1
0 3 1
0 5 1
0 6 1
0 7 1
0 8 1
0 9 1
1 2 1
1 3 1
1 4 1
1 5 1
1 6 1
1 7 1
1 8 1
1 9 1
2 3 1
2 5 1
2 7 1
2 8 1
3 5 1
3 6 1
3 7 1
4 6 1
4 8 1
5 8 1
5 9 1
6 7 1
6 8 1
6 9 1
7 9 1
8 9 1
0 0 1
1 1 1
2 2 1
3 3 1
4 4 1
5 5 1
6 6 1
7 7 1
8 8 1
9 9 1
Adjency List 9
0 2 3 5 6 7 8 9
1 2 3 4 5 6 7 8 9
2 8 3 5 7
3 5 6 7
4 8 6
5 8 9
6 8 9 7
7 9
8 9
Graph 54 53 Label 0.6399999999999997
Attributes Dictionary 42
0 1 1
0 2 1
0 3 1
0 6 1
0 7 1
0 9 1
1 2 1
1 4 1
1 5 1
1 6 1
1 8 1
1 9 1
2 4 1
2 6 1
2 7 1
2 8 1
2 9 1
3 5 1
3 6 1
3 9 1
4 5 1
4 6 1
4 7 1
4 9 1
5 6 1
5 9 1
6 7 1
6 8 1
6 9 1
7 8 1
7 9 1
8 9 1
0 0 1
1 1 1
2 2 1
3 3 1
4 4 1
5 5 1
6 6 1
7 7 1
8 8 1
9 9 1
Adjency List 9
0 1 2 3 6 7 9
1 2 4 5 6 8 9
2 4 6 7 8 9
3 9 5 6
4 9 5 6 7
5 9 6
6 8 9 7
7 8 9
8 9
Graph 55 49 Label 0.6499999999999997
Attributes Dictionary 39
0 1 1
0 2 1
0 3 1
0 4 1
0 5 1
0 6 1
0 7 1
0 8 1
1 3 1
1 4 1
1 5 1
1 6 1
1 8 1
2 6 1
2 7 1
3 4 1
3 5 1
3 6 1
3 8 1
4 5 1
4 7 1
4 8 1
5 7 1
5 8 1
5 9 1
6 7 1
6 8 1
7 8 1
7 9 1
0 0 1
1 1 1
2 2 1
3 3 1
4 4 1
5 5 1
6 6 1
7 7 1
8 8 1
9 9 1
Adjency List 8
0 1 2 3 4 5 6 7 8
1 3 4 5 6 8
2 6 7
3 8 4 5 6
4 8 5 7
5 8 9 7
6 8 7
7 8 9
Graph 56 50 Label 0.6599999999999997
Attributes Dictionary 41
0 1 1
0 2 1
0 3 1
0 4 1
0 6 1
0 7 1
0 8 1
0 9 1
1 2 1
1 3 1
1 4 1
1 7 1
1 8 1
1 9 1
2 3 1
2 4 1
2 6 1
2 7 1
2 8 1
2 9 1
3 4 1
3 7 1
3 8 1
3 9 1
4 5 1
4 6 1
4 8 1
5 6 1
5 7 1
5 8 1
8 9 1
0 0 1
1 1 1
2 2 1
3 3 1
4 4 1
5 5 1
6 6 1
7 7 1
8 8 1
9 9 1
Adjency List 7
0 1 2 3 4 6 7 8 9
1 2 3 4 7 8 9
2 3 4 6 7 8 9
3 8 9 4 7
4 8 5 6
5 8 6 7
8 9
Graph 57 47 Label 0.6699999999999997
Attributes Dictionary 37
0 2 1
0 3 1
0 6 1
0 9 1
1 2 1
1 5 1
1 6 1
1 9 1
2 4 1
2 5 1
2 6 1
2 9 1
3 4 1
3 5 1
3 7 1
3 9 1
4 7 1
4 8 1
4 9 1
5 6 1
5 7 1
5 8 1
5 9 1
6 7 1
6 8 1
6 9 1
8 9 1
0 0 1
1 1 1
2 2 1
3 3 1
4 4 1
5 5 1
6 6 1
7 7 1
8 8 1
9 9 1
Adjency List 8
0 9 2 3 6
1 9 2 5 6
2 9 4 5 6
3 9 4 5 7
4 8 9 7
5 8 9 6 7
6 8 9 7
8 9
Graph 58 49 Label 0.6799999999999997
Attributes Dictionary 40
0 2 1
0 3 1
0 6 1
0 7 1
0 9 1
1 2 1
1 3 1
1 4 1
1 6 1
1 7 1
1 8 1
1 9 1
2 3 1
2 4 1
2 5 1
2 6 1
2 7 1
2 9 1
3 4 1
3 6 1
3 7 1
3 9 1
4 6 1
4 7 1
4 9 1
5 8 1
5 9 1
6 7 1
6 8 1
6 9 1
0 0 1
1 1 1
2 2 1
3 3 1
4 4 1
5 5 1
6 6 1
7 7 1
8 8 1
9 9 1
Adjency List 7
0 2 3 6 7 9
1 2 3 4 6 7 8 9
2 3 4 5 6 7 9
3 9 4 6 7
4 9 6 7
5 8 9
6 8 9 7
Graph 59 49 Label 0.6899999999999997
Attributes Dictionary 39
0 2 1
0 3 1
0 4 1
0 5 1
0 7 1
0 8 1
0 9 1
1 5 1
1 6 1
1 7 1
1 8 1
2 3 1
2 4 1
2 5 1
2 7 1
2 8 1
3 4 1
3 5 1
3 6 1
3 8 1
4 5 1
4 6 1
4 9 1
5 6 1
5 8 1
5 9 1
6 7 1
6 8 1
7 9 1
0 0 1
1 1 1
2 2 1
3 3 1
4 4 1
5 5 1
6 6 1
7 7 1
8 8 1
9 9 1
Adjency List 8
0 2 3 4 5 7 8 9
1 8 5 6 7
2 3 4 5 7 8
3 8 4 5 6
4 9 5 6
5 8 9 6
6 8 7
7 9
Graph 60 52 Label 0.6999999999999996
Attributes Dictionary 41
0 1 1
0 2 1
0 3 1
0 4 1
0 6 1
0 7 1
0 8 1
0 9 1
1 2 1
1 3 1
1 4 1
1 6 1
1 7 1
1 8 1
2 5 1
2 7 1
2 8 1
3 5 1
3 6 1
3 7 1
3 8 1
3 9 1
4 6 1
4 7 1
4 8 1
4 9 1
5 8 1
6 7 1
6 8 1
7 9 1
8 9 1
0 0 1
1 1 1
2 2 1
3 3 1
4 4 1
5 5 1
6 6 1
7 7 1
8 8 1
9 9 1
Adjency List 9
0 1 2 3 4 6 7 8 9
1 2 3 4 6 7 8
2 8 5 7
3 5 6 7 8 9
4 8 9 6 7
5 8
6 8 7
7 9
8 9
Graph 61 55 Label 0.7099999999999996
Attributes Dictionary 44
0 1 1
0 3 1
0 4 1
0 5 1
0 6 1
0 7 1
0 9 1
1 2 1
1 4 1
1 5 1
1 6 1
1 7 1
1 8 1
1 9 1
2 3 1
2 4 1
2 5 1
2 6 1
2 9 1
3 4 1
3 5 1
3 6 1
3 8 1
3 9 1
4 5 1
4 6 1
4 7 1
5 6 1
5 8 1
5 9 1
6 7 1
6 8 1
7 9 1
8 9 1
0 0 1
1 1 1
2 2 1
3 3 1
4 4 1
5 5 1
6 6 1
7 7 1
8 8 1
9 9 1
Adjency List 9
0 1 3 4 5 6 7 9
1 2 4 5 6 7 8 9
2 3 4 5 6 9
3 4 5 6 8 9
4 5 6 7
5 8 9 6
6 8 7
7 9
8 9
Graph 62 55 Label 0.7199999999999996
Attributes Dictionary 44
0 1 1
0 2 1
0 4 1
0 5 1
0 6 1
0 8 1
1 2 1
1 3 1
1 4 1
1 6 1
1 7 1
1 8 1
1 9 1
2 3 1
2 6 1
2 7 1
2 8 1
2 9 1
3 4 1
3 6 1
3 8 1
4 5 1
4 6 1
4 8 1
4 9 1
5 6 1
5 7 1
5 8 1
5 9 1
6 7 1
6 8 1
7 8 1
7 9 1
8 9 1
0 0 1
1 1 1
2 2 1
3 3 1
4 4 1
5 5 1
6 6 1
7 7 1
8 8 1
9 9 1
Adjency List 9
0 1 2 4 5 6 8
1 2 3 4 6 7 8 9
2 3 6 7 8 9
3 8 4 6
4 8 9 5 6
5 8 9 6 7
6 8 7
7 8 9
8 9
Graph 63 59 Label 0.7299999999999996
Attributes Dictionary 48
0 1 1
0 2 1
0 3 1
0 5 1
0 6 1
0 7 1
0 8 1
0 9 1
1 2 1
1 3 1
1 4 1
1 5 1
1 6 1
1 8 1
1 9 1
2 3 1
2 4 1
2 7 1
2 8 1
2 9 1
3 4 1
3 6 1
3 7 1
3 9 1
4 5 1
4 6 1
4 7 1
4 8 1
4 9 1
5 6 1
5 7 1
5 8 1
5 9 1
6 7 1
6 8 1
6 9 1
7 9 1
8 9 1
0 0 1
1 1 1
2 2 1
3 3 1
4 4 1
5 5 1
6 6 1
7 7 1
8 8 1
9 9 1
Adjency List 9
0 1 2 3 5 6 7 8 9
1 2 3 4 5 6 8 9
2 3 4 7 8 9
3 9 4 6 7
4 5 6 7 8 9
5 8 9 6 7
6 8 9 7
7 9
8 9
Graph 64 54 Label 0.7399999999999997
Attributes Dictionary 43
0 1 1
0 4 1
0 5 1
0 6 1
0 7 1
0 8 1
0 9 1
1 5 1
1 6 1
1 7 1
1 8 1
1 9 1
2 3 1
2 4 1
2 6 1
3 4 1
3 5 1
3 8 1
3 9 1
4 5 1
4 6 1
4 7 1
4 8 1
4 9 1
5 7 1
5 8 1
5 9 1
6 7 1
6 8 1
6 9 1
7 8 1
7 9 1
8 9 1
0 0 1
1 1 1
2 2 1
3 3 1
4 4 1
5 5 1
6 6 1
7 7 1
8 8 1
9 9 1
Adjency List 9
0 1 4 5 6 7 8 9
1 5 6 7 8 9
2 3 4 6
3 8 9 4 5
4 5 6 7 8 9
5 8 9 7
6 8 9 7
7 8 9
8 9
Graph 65 61 Label 0.7499999999999997
Attributes Dictionary 50
0 1 1
0 3 1
0 4 1
0 5 1
0 6 1
0 7 1
0 8 1
1 3 1
1 4 1
1 5 1
1 6 1
1 8 1
1 9 1
2 3 1
2 4 1
2 5 1
2 6 1
2 7 1
2 8 1
2 9 1
3 4 1
3 5 1
3 6 1
3 7 1
3 8 1
3 9 1
4 5 1
4 6 1
4 7 1
4 8 1
4 9 1
5 6 1
5 7 1
5 8 1
5 9 1
6 8 1
6 9 1
7 8 1
7 9 1
8 9 1
0 0 1
1 1 1
2 2 1
3 3 1
4 4 1
5 5 1
6 6 1
7 7 1
8 8 1
9 9 1
Adjency List 9
0 1 3 4 5 6 7 8
1 3 4 5 6 8 9
2 3 4 5 6 7 8 9
3 4 5 6 7 8 9
4 5 6 7 8 9
5 8 9 6 7
6 8 9
7 8 9
8 9
Graph 66 53 Label 0.7599999999999997
Attributes Dictionary 42
0 1 1
0 2 1
0 3 1
0 5 1
0 6 1
0 8 1
0 9 1
1 3 1
1 4 1
1 5 1
1 6 1
1 7 1
1 9 1
2 4 1
2 5 1
2 7 1
2 8 1
3 4 1
3 5 1
3 6 1
3 8 1
4 5 1
4 7 1
4 8 1
5 6 1
5 7 1
5 8 1
5 9 1
6 8 1
6 9 1
7 8 1
8 9 1
0 0 1
1 1 1
2 2 1
3 3 1
4 4 1
5 5 1
6 6 1
7 7 1
8 8 1
9 9 1
Adjency List 9
0 1 2 3 5 6 8 9
1 3 4 5 6 7 9
2 8 4 5 7
3 8 4 5 6
4 8 5 7
5 8 9 6 7
6 8 9
7 8
8 9
Graph 67 59 Label 0.7699999999999997
Attributes Dictionary 48
0 2 1
0 5 1
0 6 1
0 7 1
0 8 1
0 9 1
1 2 1
1 4 1
1 5 1
1 6 1
1 7 1
1 8 1
1 9 1
2 3 1
2 4 1
2 5 1
2 6 1
2 7 1
2 8 1
2 9 1
3 4 1
3 5 1
3 6 1
3 7 1
3 9 1
4 5 1
4 6 1
4 7 1
4 8 1
4 9 1
5 7 1
5 8 1
5 9 1
6 7 1
6 8 1
6 9 1
7 8 1
8 9 1
0 0 1
1 1 1
2 2 1
3 3 1
4 4 1
5 5 1
6 6 1
7 7 1
8 8 1
9 9 1
Adjency List 9
0 2 5 6 7 8 9
1 2 4 5 6 7 8 9
2 3 4 5 6 7 8 9
3 4 5 6 7 9
4 5 6 7 8 9
5 8 9 7
6 8 9 7
7 8
8 9
Graph 68 53 Label 0.7799999999999997
Attributes Dictionary 42
0 2 1
0 5 1
0 6 1
0 7 1
1 2 1
1 5 1
1 6 1
1 8 1
1 9 1
2 3 1
2 4 1
2 5 1
2 6 1
2 7 1
2 9 1
3 5 1
3 6 1
3 7 1
3 8 1
3 9 1
4 5 1
4 6 1
4 7 1
4 8 1
4 9 1
5 6 1
5 7 1
5 8 1
6 7 1
6 8 1
7 8 1
8 9 1
0 0 1
1 1 1
2 2 1
3 3 1
4 4 1
5 5 1
6 6 1
7 7 1
8 8 1
9 9 1
Adjency List 9
0 2 5 6 7
1 2 5 6 8 9
2 3 4 5 6 7 9
3 5 6 7 8 9
4 5 6 7 8 9
5 8 6 7
6 8 7
7 8
8 9
Graph 69 60 Label 0.7899999999999996
Attributes Dictionary 49
0 1 1
0 2 1
0 3 1
0 4 1
0 5 1
0 6 1
0 8 1
0 9 1
1 3 1
1 4 1
1 5 1
1 6 1
1 7 1
1 8 1
1 9 1
2 3 1
2 4 1
2 7 1
2 8 1
2 9 1
3 4 1
3 5 1
3 6 1
3 7 1
3 8 1
4 5 1
4 6 1
4 7 1
4 8 1
4 9 1
5 6 1
5 7 1
5 8 1
6 7 1
6 8 1
6 9 1
7 8 1
7 9 1
8 9 1
0 0 1
1 1 1
2 2 1
3 3 1
4 4 1
5 5 1
6 6 1
7 7 1
8 8 1
9 9 1
Adjency List 9
0 1 2 3 4 5 6 8 9
1 3 4 5 6 7 8 9
2 3 4 7 8 9
3 4 5 6 7 8
4 5 6 7 8 9
5 8 6 7
6 8 9 7
7 8 9
8 9
Graph 70 63 Label 0.7999999999999996
Attributes Dictionary 52
0 1 1
0 2 1
0 3 1
0 4 1
0 5 1
0 6 1
0 7 1
0 8 1
0 9 1
1 2 1
1 3 1
1 4 1
1 5 1
1 6 1
1 7 1
1 8 1
1 9 1
2 3 1
2 4 1
2 5 1
2 6 1
2 8 1
2 9 1
3 4 1
3 5 1
3 7 1
3 8 1
3 9 1
4 5 1
4 6 1
4 7 1
4 8 1
4 9 1
5 7 1
5 8 1
5 9 1
6 7 1
6 8 1
6 9 1
7 8 1
7 9 1
8 9 1
0 0 1
1 1 1
2 2 1
3 3 1
4 4 1
5 5 1
6 6 1
7 7 1
8 8 1
9 9 1
Adjency List 9
0 1 2 3 4 5 6 7 8 9
1 2 3 4 5 6 7 8 9
2 3 4 5 6 8 9
3 4 5 7 8 9
4 5 6 7 8 9
5 8 9 7
6 8 9 7
7 8 9
8 9
Graph 71 55 Label 0.8099999999999996
Attributes Dictionary 44
0 1 1
0 2 1
0 3 1
0 4 1
0 5 1
0 6 1
0 7 1
0 8 1
0 9 1
1 2 1
1 3 1
1 4 1
1 5 1
1 6 1
1 7 1
1 8 1
1 9 1
2 3 1
2 4 1
2 5 1
2 6 1
2 8 1
3 4 1
3 5 1
3 6 1
3 8 1
4 7 1
4 8 1
5 7 1
5 8 1
6 7 1
6 8 1
7 9 1
8 9 1
0 0 1
1 1 1
2 2 1
3 3 1
4 4 1
5 5 1
6 6 1
7 7 1
8 8 1
9 9 1
Adjency List 9
0 1 2 3 4 5 6 7 8 9
1 2 3 4 5 6 7 8 9
2 3 4 5 6 8
3 8 4 5 6
4 8 7
5 8 7
6 8 7
7 9
8 9
Graph 72 56 Label 0.8199999999999996
Attributes Dictionary 45
0 2 1
0 3 1
0 5 1
0 6 1
0 7 1
0 8 1
0 9 1
1 3 1
1 4 1
1 5 1
1 6 1
1 7 1
1 8 1
1 9 1
2 3 1
2 4 1
2 5 1
2 6 1
2 7 1
2 9 1
3 4 1
3 5 1
3 7 1
3 9 1
4 6 1
4 7 1
4 8 1
5 8 1
5 9 1
6 7 1
6 8 1
6 9 1
7 8 1
7 9 1
8 9 1
0 0 1
1 1 1
2 2 1
3 3 1
4 4 1
5 5 1
6 6 1
7 7 1
8 8 1
9 9 1
Adjency List 9
0 2 3 5 6 7 8 9
1 3 4 5 6 7 8 9
2 3 4 5 6 7 9
3 9 4 5 7
4 8 6 7
5 8 9
6 8 9 7
7 8 9
8 9
Graph 73 58 Label 0.8299999999999996
Attributes Dictionary 48
0 1 1
0 3 1
0 4 1
0 5 1
0 6 1
0 7 1
0 8 1
0 9 1
1 2 1
1 3 1
1 4 1
1 5 1
1 6 1
1 7 1
1 8 1
1 9 1
2 3 1
2 4 1
2 7 1
2 8 1
2 9 1
3 4 1
3 5 1
3 7 1
3 8 1
3 9 1
4 5 1
4 6 1
4 7 1
4 8 1
4 9 1
5 6 1
5 7 1
5 8 1
6 7 1
6 8 1
6 9 1
7 9 1
0 0 1
1 1 1
2 2 1
3 3 1
4 4 1
5 5 1
6 6 1
7 7 1
8 8 1
9 9 1
Adjency List 8
0 1 3 4 5 6 7 8 9
1 2 3 4 5 6 7 8 9
2 3 4 7 8 9
3 4 5 7 8 9
4 5 6 7 8 9
5 8 6 7
6 8 9 7
7 9
Graph 74 57 Label 0.8399999999999996
Attributes Dictionary 46
0 1 1
0 2 1
0 4 1
0 5 1
0 7 1
0 8 1
0 9 1
1 2 1
1 3 1
1 4 1
1 6 1
1 7 1
1 8 1
1 9 1
2 4 1
2 5 1
2 6 1
2 7 1
2 8 1
2 9 1
3 4 1
3 5 1
3 6 1
3 7 1
3 8 1
3 9 1
4 5 1
4 7 1
4 8 1
4 9 1
5 7 1
5 8 1
6 7 1
6 9 1
7 9 1
8 9 1
0 0 1
1 1 1
2 2 1
3 3 1
4 4 1
5 5 1
6 6 1
7 7 1
8 8 1
9 9 1
Adjency List 9
0 1 2 4 5 7 8 9
1 2 3 4 6 7 8 9
2 4 5 6 7 8 9
3 4 5 6 7 8 9
4 8 9 5 7
5 8 7
6 9 7
7 9
8 9
Graph 75 59 Label 0.8499999999999996
Attributes Dictionary 48
0 1 1
0 2 1
0 4 1
0 5 1
0 6 1
0 7 1
0 8 1
0 9 1
1 2 1
1 3 1
1 4 1
1 5 1
1 6 1
1 7 1
1 8 1
1 9 1
2 3 1
2 4 1
2 5 1
2 6 1
2 7 1
2 8 1
2 9 1
3 4 1
3 5 1
3 8 1
3 9 1
4 5 1
4 6 1
4 8 1
5 6 1
5 7 1
5 8 1
6 7 1
6 8 1
6 9 1
7 9 1
8 9 1
0 0 1
1 1 1
2 2 1
3 3 1
4 4 1
5 5 1
6 6 1
7 7 1
8 8 1
9 9 1
Adjency List 9
0 1 2 4 5 6 7 8 9
1 2 3 4 5 6 7 8 9
2 3 4 5 6 7 8 9
3 8 9 4 5
4 8 5 6
5 8 6 7
6 8 9 7
7 9
8 9
Graph 76 61 Label 0.8599999999999995
Attributes Dictionary 50
0 1 1
0 2 1
0 3 1
0 4 1
0 5 1
0 6 1
0 8 1
0 9 1
1 3 1
1 4 1
1 5 1
1 6 1
1 7 1
1 8 1
1 9 1
2 3 1
2 4 1
2 5 1
2 6 1
2 9 1
3 4 1
3 5 1
3 6 1
3 7 1
3 8 1
3 9 1
4 5 1
4 6 1
4 7 1
4 8 1
4 9 1
5 6 1
5 7 1
5 8 1
6 7 1
6 8 1
6 9 1
7 8 1
7 9 1
8 9 1
0 0 1
1 1 1
2 2 1
3 3 1
4 4 1
5 5 1
6 6 1
7 7 1
8 8 1
9 9 1
Adjency List 9
0 1 2 3 4 5 6 8 9
1 3 4 5 6 7 8 9
2 3 4 5 6 9
3 4 5 6 7 8 9
4 5 6 7 8 9
5 8 6 7
6 8 9 7
7 8 9
8 9
Graph 77 60 Label 0.8699999999999996
Attributes Dictionary 49
0 2 1
0 3 1
0 4 1
0 5 1
0 6 1
0 7 1
0 8 1
0 9 1
1 2 1
1 3 1
1 4 1
1 5 1
1 6 1
1 7 1
1 9 1
2 3 1
2 4 1
2 5 1
2 6 1
2 7 1
2 8 1
2 9 1
3 4 1
3 5 1
3 7 1
3 8 1
4 5 1
4 6 1
4 8 1
4 9 1
5 6 1
5 7 1
5 8 1
5 9 1
6 7 1
6 8 1
6 9 1
7 8 1
8 9 1
0 0 1
1 1 1
2 2 1
3 3 1
4 4 1
5 5 1
6 6 1
7 7 1
8 8 1
9 9 1
Adjency List 9
0 2 3 4 5 6 7 8 9
1 2 3 4 5 6 7 9
2 3 4 5 6 7 8 9
3 8 4 5 7
4 8 9 5 6
5 8 9 6 7
6 8 9 7
7 8
8 9
Graph 78 63 Label 0.8799999999999996
Attributes Dictionary 52
0 1 1
0 2 1
0 3 1
0 5 1
0 6 1
0 7 1
0 8 1
0 9 1
1 2 1
1 3 1
1 4 1
1 5 1
1 6 1
1 7 1
1 9 1
2 3 1
2 4 1
2 6 1
2 7 1
2 8 1
2 9 1
3 4 1
3 5 1
3 6 1
3 7 1
3 8 1
3 9 1
4 5 1
4 6 1
4 7 1
4 8 1
4 9 1
5 6 1
5 7 1
5 8 1
5 9 1
6 7 1
6 8 1
6 9 1
7 8 1
7 9 1
8 9 1
0 0 1
1 1 1
2 2 1
3 3 1
4 4 1
5 5 1
6 6 1
7 7 1
8 8 1
9 9 1
Adjency List 9
0 1 2 3 5 6 7 8 9
1 2 3 4 5 6 7 9
2 3 4 6 7 8 9
3 4 5 6 7 8 9
4 5 6 7 8 9
5 8 9 6 7
6 8 9 7
7 8 9
8 9
Graph 79 62 Label 0.8899999999999996
Attributes Dictionary 51
0 1 1
0 2 1
0 3 1
0 4 1
0 5 1
0 6 1
0 8 1
0 9 1
1 2 1
1 3 1
1 4 1
1 5 1
1 6 1
1 7 1
1 9 1
2 3 1
2 4 1
2 5 1
2 6 1
2 7 1
2 8 1
2 9 1
3 4 1
3 5 1
3 6 1
3 7 1
3 9 1
4 5 1
4 6 1
4 7 1
4 8 1
4 9 1
5 6 1
5 7 1
5 8 1
5 9 1
6 7 1
6 9 1
7 8 1
7 9 1
8 9 1
0 0 1
1 1 1
2 2 1
3 3 1
4 4 1
5 5 1
6 6 1
7 7 1
8 8 1
9 9 1
Adjency List 9
0 1 2 3 4 5 6 8 9
1 2 3 4 5 6 7 9
2 3 4 5 6 7 8 9
3 4 5 6 7 9
4 5 6 7 8 9
5 8 9 6 7
6 9 7
7 8 9
8 9
Graph 80 61 Label 0.8999999999999996
Attributes Dictionary 50
0 1 1
0 2 1
0 3 1
0 4 1
0 5 1
0 6 1
0 7 1
0 8 1
0 9 1
1 2 1
1 4 1
1 5 1
1 6 1
1 7 1
1 8 1
1 9 1
2 3 1
2 4 1
2 6 1
2 7 1
2 8 1
2 9 1
3 4 1
3 5 1
3 6 1
3 7 1
3 8 1
3 9 1
4 5 1
4 7 1
4 8 1
4 9 1
5 6 1
5 7 1
5 8 1
5 9 1
6 8 1
6 9 1
7 9 1
8 9 1
0 0 1
1 1 1
2 2 1
3 3 1
4 4 1
5 5 1
6 6 1
7 7 1
8 8 1
9 9 1
Adjency List 9
0 1 2 3 4 5 6 7 8 9
1 2 4 5 6 7 8 9
2 3 4 6 7 8 9
3 4 5 6 7 8 9
4 8 9 5 7
5 8 9 6 7
6 8 9
7 9
8 9
Graph 81 57 Label 0.9099999999999996
Attributes Dictionary 46
0 1 1
0 2 1
0 3 1
0 4 1
0 5 1
0 7 1
1 2 1
1 3 1
1 4 1
1 5 1
1 7 1
1 8 1
1 9 1
2 3 1
2 4 1
2 5 1
2 6 1
2 7 1
2 8 1
2 9 1
3 4 1
3 5 1
3 7 1
4 5 1
4 6 1
4 7 1
4 8 1
5 6 1
5 7 1
5 8 1
5 9 1
6 7 1
6 8 1
6 9 1
7 8 1
8 9 1
0 0 1
1 1 1
2 2 1
3 3 1
4 4 1
5 5 1
6 6 1
7 7 1
8 8 1
9 9 1
Adjency List 9
0 1 2 3 4 5 7
1 2 3 4 5 7 8 9
2 3 4 5 6 7 8 9
3 4 5 7
4 8 5 6 7
5 8 9 6 7
6 8 9 7
7 8
8 9
Graph 82 64 Label 0.9199999999999996
Attributes Dictionary 53
0 2 1
0 3 1
0 4 1
0 5 1
0 6 1
0 7 1
0 9 1
1 2 1
1 3 1
1 4 1
1 5 1
1 6 1
1 7 1
1 8 1
1 9 1
2 3 1
2 4 1
2 5 1
2 6 1
2 7 1
2 8 1
2 9 1
3 4 1
3 5 1
3 6 1
3 7 1
3 8 1
3 9 1
4 5 1
4 6 1
4 7 1
4 8 1
4 9 1
5 6 1
5 7 1
5 8 1
5 9 1
6 7 1
6 8 1
6 9 1
7 8 1
7 9 1
8 9 1
0 0 1
1 1 1
2 2 1
3 3 1
4 4 1
5 5 1
6 6 1
7 7 1
8 8 1
9 9 1
Adjency List 9
0 2 3 4 5 6 7 9
1 2 3 4 5 6 7 8 9
2 3 4 5 6 7 8 9
3 4 5 6 7 8 9
4 5 6 7 8 9
5 8 9 6 7
6 8 9 7
7 8 9
8 9
Graph 83 66 Label 0.9299999999999996
Attributes Dictionary 55
0 1 1
0 2 1
0 3 1
0 4 1
0 5 1
0 6 1
0 7 1
0 8 1
0 9 1
1 2 1
1 3 1
1 4 1
1 5 1
1 6 1
1 7 1
1 8 1
1 9 1
2 3 1
2 4 1
2 5 1
2 6 1
2 7 1
2 8 1
2 9 1
3 4 1
3 5 1
3 6 1
3 7 1
3 8 1
3 9 1
4 5 1
4 6 1
4 7 1
4 8 1
4 9 1
5 6 1
5 7 1
5 8 1
5 9 1
6 7 1
6 8 1
6 9 1
7 8 1
7 9 1
8 9 1
0 0 1
1 1 1
2 2 1
3 3 1
4 4 1
5 5 1
6 6 1
7 7 1
8 8 1
9 9 1
Adjency List 9
0 1 2 3 4 5 6 7 8 9
1 2 3 4 5 6 7 8 9
2 3 4 5 6 7 8 9
3 4 5 6 7 8 9
4 5 6 7 8 9
5 8 9 6 7
6 8 9 7
7 8 9
8 9
Graph 84 65 Label 0.9399999999999996
Attributes Dictionary 54
0 1 1
0 2 1
0 3 1
0 4 1
0 5 1
0 6 1
0 7 1
0 8 1
0 9 1
1 2 1
1 3 1
1 4 1
1 5 1
1 6 1
1 7 1
1 8 1
1 9 1
2 3 1
2 4 1
2 5 1
2 6 1
2 7 1
2 8 1
2 9 1
3 4 1
3 5 1
3 6 1
3 7 1
3 8 1
3 9 1
4 5 1
4 6 1
4 7 1
4 8 1
4 9 1
5 6 1
5 8 1
5 9 1
6 7 1
6 8 1
6 9 1
7 8 1
7 9 1
8 9 1
0 0 1
1 1 1
2 2 1
3 3 1
4 4 1
5 5 1
6 6 1
7 7 1
8 8 1
9 9 1
Adjency List 9
0 1 2 3 4 5 6 7 8 9
1 2 3 4 5 6 7 8 9
2 3 4 5 6 7 8 9
3 4 5 6 7 8 9
4 5 6 7 8 9
5 8 9 6
6 8 9 7
7 8 9
8 9
Graph 85 65 Label 0.9499999999999995
Attributes Dictionary 54
0 1 1
0 2 1
0 3 1
0 4 1
0 5 1
0 6 1
0 7 1
0 8 1
0 9 1
1 2 1
1 3 1
1 4 1
1 5 1
1 6 1
1 7 1
1 8 1
1 9 1
2 3 1
2 4 1
2 5 1
2 6 1
2 7 1
2 8 1
2 9 1
3 4 1
3 5 1
3 6 1
3 7 1
3 8 1
3 9 1
4 5 1
4 6 1
4 7 1
4 8 1
4 9 1
5 6 1
5 7 1
5 8 1
6 7 1
6 8 1
6 9 1
7 8 1
7 9 1
8 9 1
0 0 1
1 1 1
2 2 1
3 3 1
4 4 1
5 5 1
6 6 1
7 7 1
8 8 1
9 9 1
Adjency List 9
0 1 2 3 4 5 6 7 8 9
1 2 3 4 5 6 7 8 9
2 3 4 5 6 7 8 9
3 4 5 6 7 8 9
4 5 6 7 8 9
5 8 6 7
6 8 9 7
7 8 9
8 9
Graph 86 64 Label 0.9599999999999995
Attributes Dictionary 53
0 1 1
0 2 1
0 3 1
0 4 1
0 5 1
0 6 1
0 7 1
0 8 1
0 9 1
1 2 1
1 3 1
1 4 1
1 5 1
1 6 1
1 7 1
1 8 1
1 9 1
2 3 1
2 4 1
2 5 1
2 6 1
2 7 1
2 8 1
2 9 1
3 5 1
3 6 1
3 7 1
3 8 1
3 9 1
4 6 1
4 7 1
4 8 1
4 9 1
5 6 1
5 7 1
5 8 1
5 9 1
6 7 1
6 8 1
6 9 1
7 8 1
7 9 1
8 9 1
0 0 1
1 1 1
2 2 1
3 3 1
4 4 1
5 5 1
6 6 1
7 7 1
8 8 1
9 9 1
Adjency List 9
0 1 2 3 4 5 6 7 8 9
1 2 3 4 5 6 7 8 9
2 3 4 5 6 7 8 9
3 5 6 7 8 9
4 8 9 6 7
5 8 9 6 7
6 8 9 7
7 8 9
8 9
Graph 87 66 Label 0.9699999999999995
Attributes Dictionary 55
0 1 1
0 2 1
0 3 1
0 4 1
0 5 1
0 6 1
0 7 1
0 8 1
0 9 1
1 2 1
1 3 1
1 4 1
1 5 1
1 6 1
1 7 1
1 8 1
1 9 1
2 3 1
2 4 1
2 5 1
2 6 1
2 7 1
2 8 1
2 9 1
3 4 1
3 5 1
3 6 1
3 7 1
3 8 1
3 9 1
4 5 1
4 6 1
4 7 1
4 8 1
4 9 1
5 6 1
5 7 1
5 8 1
5 9 1
6 7 1
6 8 1
6 9 1
7 8 1
7 9 1
8 9 1
0 0 1
1 1 1
2 2 1
3 3 1
4 4 1
5 5 1
6 6 1
7 7 1
8 8 1
9 9 1
Adjency List 9
0 1 2 3 4 5 6 7 8 9
1 2 3 4 5 6 7 8 9
2 3 4 5 6 7 8 9
3 4 5 6 7 8 9
4 5 6 7 8 9
5 8 9 6 7
6 8 9 7
7 8 9
8 9
Graph 88 65 Label 0.9799999999999995
Attributes Dictionary 54
0 1 1
0 2 1
0 3 1
0 4 1
0 5 1
0 6 1
0 7 1
0 8 1
0 9 1
1 2 1
1 3 1
1 4 1
1 5 1
1 6 1
1 7 1
1 8 1
1 9 1
2 3 1
2 4 1
2 5 1
2 6 1
2 7 1
2 8 1
2 9 1
3 4 1
3 5 1
3 6 1
3 7 1
3 8 1
3 9 1
4 5 1
4 6 1
4 7 1
4 8 1
4 9 1
5 6 1
5 7 1
5 9 1
6 7 1
6 8 1
6 9 1
7 8 1
7 9 1
8 9 1
0 0 1
1 1 1
2 2 1
3 3 1
4 4 1
5 5 1
6 6 1
7 7 1
8 8 1
9 9 1
Adjency List 9
0 1 2 3 4 5 6 7 8 9
1 2 3 4 5 6 7 8 9
2 3 4 5 6 7 8 9
3 4 5 6 7 8 9
4 5 6 7 8 9
5 9 6 7
6 8 9 7
7 8 9
8 9
Graph 89 63 Label 0.9899999999999995
Attributes Dictionary 52
0 1 1
0 2 1
0 3 1
0 4 1
0 5 1
0 6 1
0 7 1
0 8 1
0 9 1
1 2 1
1 3 1
1 4 1
1 5 1
1 6 1
1 8 1
1 9 1
2 3 1
2 4 1
2 6 1
2 7 1
2 8 1
2 9 1
3 4 1
3 5 1
3 6 1
3 7 1
3 8 1
3 9 1
4 5 1
4 6 1
4 7 1
4 8 1
4 9 1
5 7 1
5 8 1
5 9 1
6 7 1
6 8 1
6 9 1
7 8 1
7 9 1
8 9 1
0 0 1
1 1 1
2 2 1
3 3 1
4 4 1
5 5 1
6 6 1
7 7 1
8 8 1
9 9 1
Adjency List 9
0 1 2 3 4 5 6 7 8 9
1 2 3 4 5 6 8 9
2 3 4 6 7 8 9
3 4 5 6 7 8 9
4 5 6 7 8 9
5 8 9 7
6 8 9 7
7 8 9
8 9
