GraphSet 26
GRAPH_TYPE directed
NODE_ATTR list
EDGE_ATTR list
FEATURES list
Graph 0 13 Features ['0']
Attributes Dictionary 8
0 1 3.0
0 2 2.0
1 3 1.0
2 3 1.0
0 0 0.0
1 1 0.0
2 2 0.0
3 3 0.0
Adjency List 3
0 1 2
1 3
2 3
Graph 1 16 Features ['0']
Attributes Dictionary 11
0 1 1.0
0 2 2.0
1 3 1.0
1 2 1.0
1 4 1.0
3 2 3.0
0 0 0.0
1 1 0.0
2 2 0.0
3 3 0.0
4 4 0.0
Adjency List 3
0 1 2
1 2 3 4
3 2
Graph 2 12 Features ['0']
Attributes Dictionary 8
0 1 2.0
0 2 1.0
1 2 9.0
1 3 3.0
0 0 0.0
1 1 0.0
2 2 0.0
3 3 0.0
Adjency List 2
0 1 2
1 2 3
Graph 3 13 Features ['0']
Attributes Dictionary 9
0 1 2.0
0 2 1.0
0 3 7.0
1 2 4.0
1 3 1.0
0 0 0.0
1 1 0.0
2 2 0.0
3 3 0.0
Adjency List 2
0 1 2 3
1 2 3
Graph 4 25 Features ['0']
Attributes Dictionary 18
0 1 1.0
0 2 1.0
1 3 5.0
1 2 2.0
1 4 1.0
3 4 1.0
5 6 1.0
5 2 1.0
5 4 1.0
2 6 4.0
2 4 1.0
0 0 0.0
1 1 0.0
2 2 0.0
3 3 0.0
4 4 0.0
5 5 0.0
6 6 0.0
Adjency List 5
0 1 2
1 2 3 4
2 4 6
3 4
5 2 4 6
Graph 5 74 Features ['0']
Attributes Dictionary 57
0 1 6.0
0 2 1.0
0 3 1.0
0 4 1.0
1 5 1.0
1 6 1.0
1 7 2.0
1 2 1.0
1 8 1.0
9 5 1.0
9 10 3.0
9 7 2.0
9 2 2.0
9 3 1.0
9 4 3.0
9 11 1.0
12 11 1.0
12 2 2.0
12 5 2.0
13 5 2.0
13 14 1.0
13 10 1.0
13 2 1.0
13 4 2.0
13 11 2.0
5 14 1.0
14 6 2.0
14 2 1.0
14 3 1.0
6 10 1.0
10 11 2.0
10 7 1.0
7 2 1.0
2 4 2.0
3 8 1.0
3 15 1.0
3 11 1.0
8 11 1.0
8 4 1.0
15 11 2.0
4 11 5.0
0 0 0.0
1 1 0.0
2 2 0.0
3 3 0.0
4 4 0.0
5 5 0.0
6 6 0.0
7 7 0.0
8 8 0.0
9 9 0.0
10 10 0.0
11 11 0.0
12 12 0.0
13 13 0.0
14 14 0.0
15 15 0.0
Adjency List 15
0 1 2 3 4
1 2 5 6 7 8
2 4
3 8 11 15
4 11
5 14
6 10
7 2
8 11 4
9 2 3 4 5 7 10 11
10 11 7
12 2 11 5
13 2 4 5 10 11 14
14 2 3 6
15 11
Graph 6 39 Features ['0']
Attributes Dictionary 29
0 1 1.0
2 3 1.0
2 4 1.0
3 5 1.0
3 6 1.0
3 4 1.0
7 6 1.0
1 8 1.0
1 9 1.0
1 10 1.0
9 4 1.0
11 12 2.0
11 13 1.0
10 14 1.0
0 0 0.0
1 1 0.0
2 2 0.0
3 3 0.0
4 4 0.0
5 5 0.0
6 6 0.0
7 7 0.0
8 8 0.0
9 9 0.0
10 10 0.0
11 11 0.0
12 12 0.0
13 13 0.0
14 14 0.0
Adjency List 8
0 1
1 8 9 10
2 3 4
3 4 5 6
7 6
9 4
10 14
11 12 13
Graph 7 55 Features ['0']
Attributes Dictionary 43
0 1 2.0
0 2 4.0
0 3 3.0
0 4 1.0
0 5 1.0
3 1 2.0
3 5 1.0
3 2 2.0
3 6 1.0
3 4 1.0
1 7 1.0
1 5 1.0
1 8 2.0
1 4 1.0
7 4 1.0
7 8 1.0
7 5 1.0
7 9 1.0
5 9 1.0
5 2 3.0
10 6 1.0
10 11 3.0
10 12 1.0
10 9 1.0
9 2 5.0
9 4 1.0
9 12 1.0
2 8 3.0
4 11 1.0
11 12 1.0
0 0 0.0
1 1 0.0
2 2 0.0
3 3 0.0
4 4 0.0
5 5 0.0
6 6 0.0
7 7 0.0
8 8 0.0
9 9 0.0
10 10 0.0
11 11 0.0
12 12 0.0
Adjency List 10
0 1 2 3 4 5
1 8 4 5 7
2 8
3 1 2 4 5 6
4 11
5 9 2
7 8 9 4 5
9 2 4 12
10 9 11 12 6
11 12
Graph 8 41 Features ['0']
Attributes Dictionary 29
0 1 2.0
0 2 1.0
0 3 1.0
1 4 1.0
5 6 1.0
5 7 1.0
6 8 2.0
6 9 1.0
7 4 1.0
10 9 2.0
9 2 3.0
9 4 3.0
9 11 3.0
4 2 1.0
4 11 1.0
8 2 1.0
2 11 1.0
0 0 0.0
1 1 0.0
2 2 0.0
3 3 0.0
4 4 0.0
5 5 0.0
6 6 0.0
7 7 0.0
8 8 0.0
9 9 0.0
10 10 0.0
11 11 0.0
Adjency List 10
0 1 2 3
1 4
2 11
4 2 11
5 6 7
6 8 9
7 4
8 2
9 2 11 4
10 9
Graph 9 10 Features ['0']
Attributes Dictionary 6
0 1 1.0
2 3 1.0
0 0 0.0
1 1 0.0
2 2 0.0
3 3 0.0
Adjency List 2
0 1
2 3
Graph 10 12 Features ['0']
Attributes Dictionary 7
0 1 3.0
2 3 1.0
3 1 1.0
0 0 0.0
1 1 0.0
2 2 0.0
3 3 0.0
Adjency List 3
0 1
2 3
3 1
Graph 11 25 Features ['0']
Attributes Dictionary 17
0 1 1.0
0 2 1.0
3 1 2.0
3 4 1.0
5 1 3.0
6 1 2.0
6 4 5.0
6 2 1.0
1 4 1.0
4 2 2.0
0 0 0.0
1 1 0.0
2 2 0.0
3 3 0.0
4 4 0.0
5 5 0.0
6 6 0.0
Adjency List 6
0 1 2
1 4
3 1 4
4 2
5 1
6 1 2 4
Graph 12 21 Features ['0']
Attributes Dictionary 15
0 1 1.0
0 2 1.0
1 3 1.0
1 4 1.0
1 2 2.0
3 4 2.0
3 5 1.0
4 2 2.0
4 5 2.0
0 0 0.0
1 1 0.0
2 2 0.0
3 3 0.0
4 4 0.0
5 5 0.0
Adjency List 4
0 1 2
1 2 3 4
3 4 5
4 2 5
Graph 13 16 Features ['0']
Attributes Dictionary 11
0 1 1.0
0 2 1.0
3 4 2.0
3 2 2.0
5 4 1.0
0 0 0.0
1 1 0.0
2 2 0.0
3 3 0.0
4 4 0.0
5 5 0.0
Adjency List 3
0 1 2
3 2 4
5 4
Graph 14 21 Features ['0']
Attributes Dictionary 14
0 1 1.0
2 3 2.0
2 1 1.0
3 4 1.0
3 5 1.0
4 6 1.0
5 6 2.0
0 0 0.0
1 1 0.0
2 2 0.0
3 3 0.0
4 4 0.0
5 5 0.0
6 6 0.0
Adjency List 5
0 1
2 1 3
3 4 5
4 6
5 6
Graph 15 24 Features ['0']
Attributes Dictionary 17
0 1 1.0
0 2 1.0
3 1 2.0
3 4 3.0
3 5 2.0
6 7 3.0
8 2 1.0
7 4 3.0
0 0 0.0
1 1 0.0
2 2 0.0
3 3 0.0
4 4 0.0
5 5 0.0
6 6 0.0
7 7 0.0
8 8 0.0
Adjency List 5
0 1 2
3 1 4 5
6 7
7 4
8 2
Graph 16 35 Features ['0']
Attributes Dictionary 25
0 1 1.0
0 2 1.0
0 3 3.0
0 4 1.0
5 6 1.0
5 7 1.0
3 8 1.0
3 6 2.0
3 4 1.0
9 6 1.0
10 1 1.0
1 4 3.0
4 2 1.0
8 6 1.0
0 0 0.0
1 1 0.0
2 2 0.0
3 3 0.0
4 4 0.0
5 5 0.0
6 6 0.0
7 7 0.0
8 8 0.0
9 9 0.0
10 10 0.0
Adjency List 8
0 1 2 3 4
1 4
3 8 4 6
4 2
5 6 7
8 6
9 6
10 1
Graph 17 45 Features ['0']
Attributes Dictionary 34
0 1 1.0
0 2 1.0
0 3 2.0
0 4 7.0
3 1 1.0
3 2 1.0
3 5 1.0
3 4 1.0
6 5 1.0
7 8 3.0
9 1 1.0
9 10 1.0
9 11 2.0
11 12 1.0
11 2 1.0
11 10 5.0
11 8 1.0
1 10 4.0
1 12 2.0
12 10 1.0
2 5 1.0
0 0 0.0
1 1 0.0
2 2 0.0
3 3 0.0
4 4 0.0
5 5 0.0
6 6 0.0
7 7 0.0
8 8 0.0
9 9 0.0
10 10 0.0
11 11 0.0
12 12 0.0
Adjency List 9
0 1 2 3 4
1 10 12
2 5
3 1 2 4 5
6 5
7 8
9 1 10 11
11 8 2 10 12
12 10
Graph 18 34 Features ['0']
Attributes Dictionary 26
0 1 1.0
0 2 3.0
0 3 1.0
0 4 6.0
1 2 3.0
1 3 3.0
1 4 4.0
5 6 3.0
5 3 3.0
5 4 2.0
6 7 3.0
6 2 2.0
6 3 5.0
6 4 4.0
2 3 2.0
2 4 1.0
2 7 1.0
4 7 3.0
0 0 0.0
1 1 0.0
2 2 0.0
3 3 0.0
4 4 0.0
5 5 0.0
6 6 0.0
7 7 0.0
Adjency List 6
0 1 2 3 4
1 2 3 4
2 3 4 7
4 7
5 3 4 6
6 2 3 4 7
Graph 19 26 Features ['0']
Attributes Dictionary 18
0 1 1.0
0 2 1.0
0 3 1.0
2 4 2.0
2 5 1.0
4 6 1.0
4 7 1.0
6 7 1.0
3 1 1.0
5 7 3.0
0 0 0.0
1 1 0.0
2 2 0.0
3 3 0.0
4 4 0.0
5 5 0.0
6 6 0.0
7 7 0.0
Adjency List 6
0 1 2 3
2 4 5
3 1
4 6 7
5 7
6 7
Graph 20 57 Features ['0']
Attributes Dictionary 41
0 1 1.0
2 3 1.0
2 4 1.0
5 1 3.0
1 6 1.0
1 3 1.0
1 7 4.0
1 8 1.0
9 6 1.0
9 8 1.0
10 3 1.0
10 11 1.0
12 3 1.0
3 13 1.0
3 7 1.0
14 7 1.0
14 15 1.0
13 16 1.0
7 15 2.0
7 16 1.0
15 16 1.0
8 17 1.0
17 16 1.0
0 0 0.0
1 1 0.0
2 2 0.0
3 3 0.0
4 4 0.0
5 5 0.0
6 6 0.0
7 7 0.0
8 8 0.0
9 9 0.0
10 10 0.0
11 11 0.0
12 12 0.0
13 13 0.0
14 14 0.0
15 15 0.0
16 16 0.0
17 17 0.0
Adjency List 14
0 1
1 8 3 6 7
2 3 4
3 13 7
5 1
7 16 15
8 17
9 8 6
10 11 3
12 3
13 16
14 15 7
15 16
17 16
Graph 21 39 Features ['0']
Attributes Dictionary 27
0 1 1.0
0 2 1.0
1 3 1.0
1 4 1.0
2 3 1.0
2 4 1.0
5 6 1.0
4 7 1.0
4 8 1.0
9 8 1.0
6 3 1.0
3 8 1.0
7 10 1.0
11 12 3.0
0 0 0.0
1 1 0.0
2 2 0.0
3 3 0.0
4 4 0.0
5 5 0.0
6 6 0.0
7 7 0.0
8 8 0.0
9 9 0.0
10 10 0.0
11 11 0.0
12 12 0.0
Adjency List 10
0 1 2
1 3 4
2 3 4
3 8
4 8 7
5 6
6 3
7 10
9 8
11 12
Graph 22 57 Features ['0']
Attributes Dictionary 43
0 1 1.0
2 3 1.0
4 5 1.0
4 6 1.0
5 1 1.0
5 3 1.0
5 7 1.0
5 8 1.0
9 1 1.0
9 10 1.0
7 11 1.0
7 12 1.0
7 3 3.0
7 13 1.0
13 1 1.0
13 14 1.0
12 3 1.0
12 6 1.0
1 15 6.0
1 6 1.0
1 16 1.0
15 10 1.0
17 10 1.0
14 8 1.0
14 10 1.0
0 0 0.0
1 1 0.0
2 2 0.0
3 3 0.0
4 4 0.0
5 5 0.0
6 6 0.0
7 7 0.0
8 8 0.0
9 9 0.0
10 10 0.0
11 11 0.0
12 12 0.0
13 13 0.0
14 14 0.0
15 15 0.0
16 16 0.0
17 17 0.0
Adjency List 12
0 1
1 16 6 15
2 3
4 5 6
5 8 1 3 7
7 3 11 12 13
9 1 10
12 3 6
13 1 14
14 8 10
15 10
17 10
Graph 23 65 Features ['0']
Attributes Dictionary 49
0 1 1.0
2 3 1.0
2 1 1.0
2 4 1.0
5 6 2.0
5 7 1.0
8 9 2.0
8 1 1.0
8 10 1.0
8 4 1.0
11 3 1.0
1 3 1.0
1 12 3.0
1 10 1.0
1 9 1.0
13 3 1.0
13 9 1.0
13 4 2.0
13 14 1.0
3 6 1.0
12 9 1.0
6 10 1.0
6 15 1.0
6 14 2.0
6 9 1.0
10 4 2.0
10 14 1.0
10 9 1.0
7 15 2.0
16 4 2.0
4 15 1.0
4 9 1.0
0 0 0.0
1 1 0.0
2 2 0.0
3 3 0.0
4 4 0.0
5 5 0.0
6 6 0.0
7 7 0.0
8 8 0.0
9 9 0.0
10 10 0.0
11 11 0.0
12 12 0.0
13 13 0.0
14 14 0.0
15 15 0.0
16 16 0.0
Adjency List 14
0 1
1 9 10 3 12
2 1 3 4
3 6
4 9 15
5 6 7
6 9 10 14 15
7 15
8 9 10 4 1
10 9 4 14
11 3
12 9
13 9 3 4 14
16 4
Graph 24 52 Features ['0']
Attributes Dictionary 39
0 1 1.0
0 2 1.0
3 4 1.0
3 5 1.0
3 6 1.0
4 7 1.0
4 8 3.0
4 9 4.0
10 11 1.0
10 1 1.0
10 2 1.0
10 12 1.0
10 9 1.0
10 8 1.0
13 7 1.0
13 9 1.0
14 11 2.0
7 1 1.0
1 5 2.0
1 8 1.0
2 15 1.0
12 9 1.0
5 8 2.0
0 0 0.0
1 1 0.0
2 2 0.0
3 3 0.0
4 4 0.0
5 5 0.0
6 6 0.0
7 7 0.0
8 8 0.0
9 9 0.0
10 10 0.0
11 11 0.0
12 12 0.0
13 13 0.0
14 14 0.0
15 15 0.0
Adjency List 11
0 1 2
1 8 5
2 15
3 4 5 6
4 8 9 7
5 8
7 1
10 1 2 8 9 11 12
12 9
13 9 7
14 11
Graph 25 53 Features ['0']
Attributes Dictionary 41
0 1 1.0
0 2 1.0
0 3 1.0
0 4 1.0
2 5 1.0
2 6 4.0
3 7 1.0
3 8 1.0
4 9 1.0
4 5 2.0
4 6 1.0
4 1 8.0
10 7 1.0
10 11 1.0
10 8 2.0
8 12 2.0
8 7 1.0
8 11 3.0
9 1 1.0
9 7 1.0
9 12 2.0
9 5 1.0
9 11 1.0
1 12 1.0
1 5 1.0
7 12 1.0
7 5 1.0
12 5 1.0
0 0 0.0
1 1 0.0
2 2 0.0
3 3 0.0
4 4 0.0
5 5 0.0
6 6 0.0
7 7 0.0
8 8 0.0
9 9 0.0
10 10 0.0
11 11 0.0
12 12 0.0
Adjency List 10
0 1 2 3 4
1 12 5
2 5 6
3 8 7
4 9 5 6 1
7 12 5
8 11 12 7
9 1 5 7 11 12
10 8 11 7
12 5
